20 20
350 367
1 
21 0 
3 22 
4 23 2 
5 3 
6 4 
7 5 
8 6 
9 7 
10 8 
30 9 
31 
13 32 
14 12 
15 13 
16 14 
17 15 
18 16 
19 17 
39 18 
21 40 
1 20 
2 42 
3 43 
25 44 
26 24 
27 25 
28 26 
48 27 
30 
10 50 29 
11 51 
12 33 
53 32 
35 54 
36 34 
56 35 
38 57 
58 37 
19 59 
20 41 60 
61 40 
22 62 
23 63 
24 64 
46 65 
47 45 
67 46 
28 49 
69 48 
30 70 
31 52 
72 51 
33 73 
34 74 
75 
36 76 
37 77 
38 59 
39 79 58 
40 80 
41 62 
42 61 
43 64 
44 63 
45 66 
86 65 
47 68 
88 67 
49 89 
50 71 
72 70 
52 92 71 
53 74 
54 73 
55 76 95 
56 75 
57 97 
79 
59 99 78 
60 100 
82 101 
83 81 
103 82 
85 104 
105 84 
66 106 
88 107 
68 87 
69 90 
110 89 
92 
72 93 91 
94 92 
114 93 
75 96 
116 95 
77 98 
118 97 
79 
80 120 
81 121 
122 
83 104 
84 103 
85 106 
86 105 
87 108 
109 128 107 
129 108 
90 111 
112 110 
132 111 
133 
94 115 
135 114 
96 136 
137 
98 119 
139 118 
100 140 
101 122 
102 123 142 121 
124 122 
125 123 
126 124 
125 
128 147 
108 148 127 
109 130 
131 129 
130 
112 152 
113 134 153 
135 133 
115 134 
116 156 
117 157 
139 158 
119 159 138 
120 141 
161 140 
122 
144 163 
164 143 
146 165 
166 145 
127 167 
128 168 
150 169 
151 149 
152 150 
132 151 
133 154 173 
155 153 
154 
136 157 176 
137 156 
138 178 
139 179 
180 
141 162 
182 161 
143 183 
144 165 
145 164 
146 186 
147 187 
148 
149 170 
171 169 
172 170 
192 171 
153 
175 194 
176 174 
156 175 
178 197 
158 177 
159 199 
160 181 
201 180 
162 202 
163 203 
185 
205 184 
166 206 
167 188 207 
189 187 
209 188 
191 210 
211 190 
172 193 
194 192 
174 214 193 
196 215 
197 195 
177 196 
218 
179 219 
201 220 
181 200 
182 222 
183 204 
224 203 
185 225 
186 226 
187 
209 228 
189 229 208 
190 230 
191 212 
213 211 
233 212 
194 
195 235 
217 
218 216 
198 238 217 
199 239 
200 221 240 
222 220 
202 221 
224 243 
204 223 
205 245 
206 227 
247 226 
208 248 
209 249 
210 231 
232 230 
252 231 
213 253 
235 254 
215 234 
237 256 
238 236 
218 237 
219 259 
220 241 
242 240 
243 241 
223 242 
245 264 
225 246 244 
266 245 
227 267 
228 268 
229 250 
251 249 
250 
232 272 
233 254 
234 253 
256 275 
236 257 255 
258 256 
259 257 
239 258 
261 280 
262 260 
261 
264 283 
244 263 
285 
246 267 
247 266 
248 288 
270 289 
271 269 
272 270 
252 271 
274 
294 273 
255 295 
277 296 
297 276 
279 
299 278 
260 281 300 
282 280 
283 281 
263 284 282 
285 283 
265 286 284 
287 285 
288 286 
268 308 287 
269 290 
310 289 
292 
293 312 291 
294 313 292 
274 314 293 
275 296 
276 295 
277 298 
318 297 
279 319 
280 301 
302 300 
322 301 
304 323 
305 303 
325 304 
307 
308 306 
288 309 307 
308 
290 311 
331 310 
292 332 
293 333 
294 334 
316 335 
317 315 
337 316 
298 338 
299 339 
321 340 
322 320 
302 321 
303 324 
344 323 
305 326 
346 325 
328 347 
348 327 
330 349 
331 329 
311 330 
312 352 
313 353 
314 354 
315 355 
337 356 
317 336 
318 339 
319 359 338 
320 341 
342 340 
343 341 
363 342 
324 345 
365 344 
326 347 
327 346 
328 349 
329 369 348 
370 
352 371 
332 351 
333 373 
334 355 
335 375 354 
336 
358 377 
378 357 
339 379 
380 
362 381 
382 361 
343 364 
384 363 
345 366 
386 365 
368 
369 367 
349 368 
350 390 
351 372 
392 371 
353 374 
394 373 
355 
377 396 
357 376 
358 398 
359 399 
360 381 
361 380 
362 383 
384 382 
364 385 383 
384 
366 387 
388 386 
389 387 
390 388 
370 389 
392 
372 393 391 
392 
374 395 
396 394 
376 397 395 
396 
378 399 
379 398 
