Data File:	H10R_260413_1_4.AKF
Measurement Programm:	5.6.5

------------------------MEASURING INFOS------------------------
Diagram Title #1	Forces and Moments at Hip Joint
Diagram Title #2	Measured Relative to Bone

Comment #1	Hip Joint III; Standing; Two Legged Stance;
Comment #2	H10R, 3 Months PO  *  

BodyWeight [N]:	964

Implant Type:	Hip Joint III

Axes Directions X, Y, Z:	Lateral, Anterior, Superior
Axes Origin: 	Ball center
Angle of Rotation (Deg):	X = 1,72	Y = -1,15	Z = -9,74
Displacement X, Y, Z (mm):	0	0	0
Activity Code:	Huefte_III_Activities	1P_1_10_1	






---------------------------DATA--------------------------------

Number of Data Sets =	570
Number of analog channels =	0
Time-Offset(sec) =	0.0
Max. Force (N, sec):	1034,75	6,029

Time	Fx	Fy	Fz	F	Mx	My	Mz	Marker
[s]	[N]	[N]	[N]	[N]	[Nm]	[Nm]	[Nm]	[0/1]

0.000	00320.19	-00052.20	-00867.61	00926.27	-00000.70	-00000.62	00000.15	1
0.011	00320.21	-00052.13	-00868.43	00927.05	-00000.69	-00000.62	00000.15	1
0.021	00320.04	-00051.66	-00869.05	00927.55	-00000.68	-00000.62	00000.15	1
0.032	00320.24	-00051.72	-00870.17	00928.67	-00000.68	-00000.62	00000.14	1
0.043	00320.59	-00051.40	-00871.47	00929.99	-00000.66	-00000.61	00000.14	1
0.053	00321.07	-00051.38	-00872.81	00931.41	-00000.66	-00000.61	00000.13	1
0.064	00321.49	-00051.13	-00874.15	00932.79	-00000.65	-00000.60	00000.13	1
0.074	00321.78	-00051.23	-00875.34	00934.01	-00000.64	-00000.60	00000.12	1
0.085	00322.05	-00051.07	-00876.67	00935.35	-00000.63	-00000.59	00000.12	1
0.096	00322.49	-00051.18	-00878.18	00936.92	-00000.62	-00000.58	00000.11	1
0.106	00323.11	-00051.07	-00879.98	00938.81	-00000.60	-00000.57	00000.11	1
0.117	00323.52	-00051.15	-00881.49	00940.38	-00000.59	-00000.56	00000.10	1
0.127	00323.96	-00051.00	-00883.14	00942.06	-00000.57	-00000.55	00000.10	1
0.138	00324.44	-00051.02	-00884.68	00943.67	-00000.55	-00000.54	00000.09	1
0.149	00325.08	-00050.95	-00886.37	00945.47	-00000.53	-00000.53	00000.09	1
0.159	00325.41	-00051.01	-00887.81	00946.94	-00000.51	-00000.52	00000.08	1
0.170	00325.88	-00051.09	-00889.18	00948.39	-00000.49	-00000.51	00000.08	1
0.180	00326.09	-00051.14	-00890.28	00949.50	-00000.47	-00000.51	00000.07	1
0.191	00326.69	-00051.24	-00891.60	00950.95	-00000.46	-00000.50	00000.07	1
0.202	00326.72	-00051.19	-00892.61	00951.90	-00000.43	-00000.49	00000.07	1
0.212	00327.17	-00051.33	-00893.74	00953.12	-00000.42	-00000.49	00000.07	1
0.223	00327.07	-00051.35	-00894.43	00953.74	-00000.40	-00000.48	00000.07	1
0.233	00327.54	-00051.43	-00895.51	00954.92	-00000.38	-00000.48	00000.07	1
0.244	00327.49	-00051.27	-00896.08	00955.43	-00000.35	-00000.47	00000.07	1
0.255	00327.93	-00051.42	-00896.86	00956.31	-00000.34	-00000.48	00000.07	1
0.265	00327.77	-00051.27	-00897.03	00956.41	-00000.32	-00000.48	00000.08	1
0.276	00328.00	-00051.32	-00897.40	00956.84	-00000.30	-00000.48	00000.08	1
0.286	00327.70	-00051.14	-00897.36	00956.68	-00000.28	-00000.48	00000.08	1
0.297	00328.08	-00051.25	-00897.71	00957.16	-00000.27	-00000.48	00000.09	1
0.308	00328.01	-00051.13	-00897.64	00957.06	-00000.26	-00000.49	00000.09	1
0.318	00331.59	-00051.51	-00900.88	00961.34	-00000.25	-00000.50	00000.10	1
0.329	00331.82	-00051.38	-00900.90	00961.44	-00000.23	-00000.50	00000.10	1
0.339	00332.68	-00051.62	-00901.24	00962.07	-00000.23	-00000.51	00000.11	1
0.350	00332.83	-00051.56	-00901.04	00961.93	-00000.22	-00000.52	00000.11	1
0.360	00333.46	-00051.75	-00901.31	00962.41	-00000.22	-00000.53	00000.11	1
0.371	00333.20	-00051.70	-00900.81	00961.85	-00000.21	-00000.53	00000.12	1
0.382	00333.44	-00051.85	-00900.63	00961.77	-00000.21	-00000.54	00000.12	1
0.392	00333.07	-00051.94	-00899.95	00961.01	-00000.20	-00000.55	00000.12	1
0.403	00333.01	-00052.01	-00899.59	00960.66	-00000.20	-00000.55	00000.12	1
0.413	00332.47	-00051.99	-00898.74	00959.67	-00000.20	-00000.55	00000.12	1
0.424	00331.92	-00051.98	-00897.93	00958.72	-00000.20	-00000.55	00000.12	1
0.435	00331.28	-00052.04	-00896.90	00957.54	-00000.20	-00000.56	00000.12	1
0.445	00330.50	-00051.84	-00895.85	00956.28	-00000.20	-00000.56	00000.13	1
0.456	00329.72	-00051.87	-00894.72	00954.95	-00000.20	-00000.56	00000.13	1
0.466	00329.28	-00051.65	-00894.08	00954.19	-00000.20	-00000.55	00000.13	1
0.477	00328.58	-00051.74	-00893.17	00953.10	-00000.21	-00000.55	00000.13	0
0.488	00327.92	-00051.50	-00892.20	00951.95	-00000.21	-00000.55	00000.13	0
0.498	00327.39	-00051.48	-00891.35	00950.97	-00000.22	-00000.55	00000.13	0
0.509	00327.09	-00051.27	-00890.86	00950.40	-00000.22	-00000.54	00000.14	0
0.519	00326.84	-00051.35	-00890.35	00949.83	-00000.22	-00000.54	00000.14	0
0.530	00326.70	-00051.32	-00889.98	00949.44	-00000.22	-00000.54	00000.14	0
0.541	00326.62	-00051.56	-00889.59	00949.06	-00000.23	-00000.53	00000.13	0
0.551	00326.43	-00051.56	-00889.21	00948.63	-00000.24	-00000.53	00000.13	0
0.562	00326.23	-00051.71	-00888.54	00947.95	-00000.24	-00000.52	00000.13	0
0.572	00326.16	-00051.58	-00888.05	00947.46	-00000.24	-00000.52	00000.13	0
0.583	00326.02	-00051.76	-00887.45	00946.86	-00000.24	-00000.51	00000.12	0
0.594	00325.94	-00051.68	-00886.97	00946.37	-00000.23	-00000.50	00000.12	0
0.604	00325.80	-00051.75	-00886.36	00945.75	-00000.23	-00000.49	00000.12	0
0.615	00325.89	-00051.65	-00886.10	00945.54	-00000.23	-00000.48	00000.12	0
0.625	00325.95	-00051.65	-00885.72	00945.20	-00000.22	-00000.47	00000.12	0
0.636	00326.24	-00051.50	-00885.73	00945.31	-00000.21	-00000.46	00000.12	0
0.647	00326.22	-00051.44	-00885.41	00944.99	-00000.20	-00000.45	00000.12	0
0.657	00326.53	-00051.41	-00885.38	00945.07	-00000.19	-00000.43	00000.12	0
0.668	00326.45	-00051.37	-00884.98	00944.67	-00000.17	-00000.42	00000.11	0
0.678	00326.57	-00051.26	-00884.87	00944.60	-00000.16	-00000.41	00000.11	0
0.689	00326.41	-00051.11	-00884.48	00944.17	-00000.14	-00000.40	00000.12	0
0.700	00326.32	-00050.97	-00884.19	00943.86	-00000.12	-00000.39	00000.12	0
0.710	00326.04	-00050.97	-00883.63	00943.24	-00000.11	-00000.38	00000.11	0
0.721	00326.17	-00051.04	-00883.43	00943.10	-00000.09	-00000.37	00000.11	0
0.731	00325.90	-00051.09	-00882.68	00942.31	-00000.07	-00000.37	00000.11	0
0.742	00326.01	-00051.07	-00882.27	00941.96	-00000.05	-00000.36	00000.10	0
0.752	00325.54	-00050.87	-00881.41	00940.99	-00000.03	-00000.36	00000.10	0
0.763	00325.53	-00050.87	-00880.99	00940.59	-00000.01	-00000.35	00000.10	0
0.774	00325.15	-00050.65	-00880.40	00939.89	00000.01	-00000.34	00000.09	0
0.784	00325.37	-00050.76	-00880.23	00939.81	00000.02	-00000.34	00000.08	0
0.795	00324.87	-00050.48	-00879.48	00938.92	00000.04	-00000.33	00000.08	0
0.805	00325.08	-00050.61	-00879.30	00938.83	00000.05	-00000.33	00000.07	0
0.816	00324.61	-00050.28	-00878.57	00937.97	00000.06	-00000.32	00000.06	0
0.827	00324.47	-00050.38	-00878.17	00937.55	00000.07	-00000.31	00000.05	0
0.837	00324.31	-00049.94	-00877.66	00937.00	00000.08	-00000.30	00000.05	0
0.848	00324.43	-00050.07	-00877.55	00936.94	00000.08	-00000.29	00000.04	0
0.858	00324.42	-00049.79	-00877.23	00936.62	00000.09	-00000.29	00000.03	0
0.869	00324.67	-00049.90	-00877.27	00936.75	00000.09	-00000.28	00000.02	0
0.880	00324.67	-00049.56	-00877.02	00936.50	00000.09	-00000.27	00000.01	0
0.890	00324.90	-00049.68	-00877.07	00936.63	00000.09	-00000.26	00000.00	0
0.901	00325.03	-00049.44	-00876.99	00936.59	00000.09	-00000.26	00000.00	0
0.912	00325.09	-00049.47	-00876.75	00936.39	00000.08	-00000.25	-00000.02	0
0.922	00325.01	-00049.25	-00876.45	00936.07	00000.08	-00000.25	-00000.02	0
0.933	00324.90	-00049.27	-00875.92	00935.53	00000.07	-00000.24	-00000.04	0
0.943	00324.66	-00049.04	-00875.39	00934.94	00000.07	-00000.24	-00000.05	0
0.954	00324.26	-00049.07	-00874.62	00934.08	00000.06	-00000.24	-00000.06	0
0.964	00323.85	-00048.90	-00874.03	00933.38	00000.05	-00000.23	-00000.07	0
0.975	00323.51	-00048.83	-00873.46	00932.73	00000.04	-00000.23	-00000.08	0
0.986	00323.48	-00048.74	-00873.25	00932.51	00000.03	-00000.22	-00000.09	0
0.996	00323.29	-00048.63	-00872.92	00932.14	00000.02	-00000.22	-00000.10	0
1.007	00324.00	-00048.79	-00873.27	00932.72	00000.01	-00000.22	-00000.11	0
1.017	00324.40	-00048.55	-00873.46	00933.02	00000.00	-00000.22	-00000.11	0
1.028	00325.11	-00048.85	-00873.99	00933.78	-00000.02	-00000.22	-00000.12	0
1.039	00325.25	-00048.70	-00873.91	00933.74	-00000.03	-00000.22	-00000.12	0
1.049	00325.60	-00049.00	-00873.99	00933.95	-00000.05	-00000.22	-00000.13	0
1.060	00325.60	-00048.91	-00873.59	00933.58	-00000.06	-00000.23	-00000.13	0
1.070	00325.92	-00049.30	-00873.55	00933.67	-00000.08	-00000.23	-00000.14	0
1.081	00326.00	-00049.15	-00873.14	00933.31	-00000.09	-00000.24	-00000.14	0
1.092	00326.29	-00049.50	-00873.02	00933.32	-00000.11	-00000.24	-00000.15	0
1.102	00326.40	-00049.55	-00872.91	00933.26	-00000.12	-00000.24	-00000.15	0
1.113	00326.53	-00049.88	-00872.81	00933.23	-00000.13	-00000.25	-00000.16	0
1.123	00326.65	-00049.85	-00872.90	00933.35	-00000.14	-00000.25	-00000.16	0
1.134	00326.74	-00050.00	-00872.84	00933.33	-00000.15	-00000.25	-00000.16	0
1.145	00326.84	-00050.02	-00872.83	00933.36	-00000.16	-00000.25	-00000.16	0
1.155	00326.66	-00050.09	-00872.55	00933.04	-00000.17	-00000.25	-00000.16	0
1.166	00327.00	-00050.10	-00872.59	00933.19	-00000.18	-00000.26	-00000.16	0
1.177	00326.81	-00049.96	-00872.23	00932.78	-00000.18	-00000.26	-00000.16	0
1.187	00327.23	-00050.09	-00872.44	00933.14	-00000.19	-00000.26	-00000.16	0
1.198	00326.94	-00049.88	-00872.18	00932.78	-00000.20	-00000.27	-00000.16	0
1.208	00326.91	-00050.14	-00872.17	00932.77	-00000.21	-00000.26	-00000.17	0
1.219	00326.59	-00049.90	-00871.79	00932.29	-00000.22	-00000.27	-00000.16	0
1.230	00326.55	-00050.18	-00871.84	00932.34	-00000.23	-00000.27	-00000.16	0
1.240	00326.25	-00049.93	-00871.46	00931.87	-00000.24	-00000.27	-00000.16	0
1.251	00326.16	-00050.09	-00871.28	00931.68	-00000.25	-00000.28	-00000.16	0
1.261	00325.68	-00049.84	-00870.58	00930.84	-00000.26	-00000.28	-00000.16	0
1.272	00325.23	-00050.13	-00869.86	00930.02	-00000.28	-00000.29	-00000.16	0
1.282	00324.51	-00050.01	-00868.87	00928.84	-00000.29	-00000.29	-00000.16	0
1.293	00324.12	-00050.34	-00868.22	00928.11	-00000.30	-00000.30	-00000.16	0
1.304	00323.55	-00050.20	-00867.43	00927.16	-00000.31	-00000.30	-00000.16	0
1.314	00323.36	-00050.44	-00867.05	00926.76	-00000.33	-00000.31	-00000.16	0
1.325	00323.00	-00050.32	-00866.55	00926.16	-00000.33	-00000.31	-00000.15	0
1.335	00322.80	-00050.52	-00866.13	00925.71	-00000.34	-00000.31	-00000.15	0
1.346	00322.47	-00050.38	-00865.63	00925.12	-00000.35	-00000.31	-00000.14	0
1.357	00321.88	-00050.42	-00864.75	00924.09	-00000.36	-00000.31	-00000.14	0
1.367	00321.23	-00050.20	-00863.92	00923.07	-00000.36	-00000.31	-00000.13	0
1.378	00320.57	-00050.16	-00863.00	00921.98	-00000.36	-00000.31	-00000.12	0
1.388	00320.35	-00050.07	-00862.49	00921.42	-00000.37	-00000.30	-00000.11	0
1.399	00319.76	-00049.93	-00861.85	00920.61	-00000.36	-00000.30	-00000.11	0
1.410	00319.80	-00050.05	-00861.79	00920.58	-00000.37	-00000.29	-00000.10	0
1.420	00319.33	-00049.88	-00861.31	00919.95	-00000.36	-00000.29	-00000.09	0
1.431	00319.31	-00050.15	-00861.19	00919.85	-00000.36	-00000.28	-00000.08	0
1.442	00319.13	-00049.87	-00860.83	00919.43	-00000.35	-00000.27	-00000.07	0
1.452	00319.23	-00050.21	-00860.82	00919.48	-00000.36	-00000.27	-00000.06	1
1.463	00318.93	-00050.09	-00860.44	00919.01	-00000.35	-00000.26	-00000.05	1
1.473	00318.82	-00050.42	-00860.31	00918.87	-00000.35	-00000.25	-00000.05	1
1.484	00318.67	-00050.22	-00860.14	00918.65	-00000.34	-00000.24	-00000.03	1
1.495	00318.85	-00050.42	-00860.26	00918.84	-00000.34	-00000.23	-00000.02	1
1.505	00319.22	-00050.31	-00860.70	00919.37	-00000.34	-00000.22	-00000.01	1
1.516	00319.46	-00050.42	-00860.92	00919.66	-00000.34	-00000.22	00000.00	1
1.526	00319.65	-00050.39	-00861.30	00920.08	-00000.33	-00000.20	00000.01	1
1.537	00319.81	-00050.47	-00861.50	00920.33	-00000.33	-00000.19	00000.02	1
1.548	00320.20	-00050.58	-00861.88	00920.82	-00000.34	-00000.19	00000.02	1
1.558	00320.26	-00050.57	-00861.97	00920.93	-00000.34	-00000.18	00000.03	1
1.569	00320.76	-00050.79	-00862.45	00921.57	-00000.34	-00000.17	00000.04	1
1.579	00320.56	-00050.71	-00862.27	00921.32	-00000.34	-00000.16	00000.05	1
1.590	00320.72	-00050.93	-00862.34	00921.45	-00000.35	-00000.15	00000.05	1
1.601	00320.17	-00050.76	-00861.92	00920.87	-00000.35	-00000.15	00000.06	1
1.611	00320.21	-00051.18	-00862.08	00921.05	-00000.36	-00000.14	00000.07	1
1.622	00319.99	-00051.04	-00861.83	00920.73	-00000.36	-00000.14	00000.07	1
1.632	00320.04	-00051.31	-00861.92	00920.85	-00000.37	-00000.13	00000.08	1
1.643	00319.73	-00051.08	-00861.59	00920.42	-00000.37	-00000.13	00000.08	1
1.654	00319.98	-00051.34	-00861.99	00920.90	-00000.38	-00000.13	00000.09	1
1.664	00320.13	-00051.12	-00862.19	00921.12	-00000.38	-00000.13	00000.10	1
1.675	00320.38	-00051.19	-00862.33	00921.34	-00000.39	-00000.13	00000.10	1
1.685	00320.56	-00050.95	-00862.50	00921.55	-00000.39	-00000.13	00000.11	1
1.696	00320.75	-00051.03	-00862.56	00921.68	-00000.40	-00000.14	00000.11	1
1.707	00321.02	-00050.98	-00862.85	00922.04	-00000.41	-00000.14	00000.12	1
1.717	00320.79	-00051.11	-00862.54	00921.68	-00000.42	-00000.15	00000.12	1
1.728	00320.37	-00051.17	-00862.17	00921.20	-00000.42	-00000.15	00000.12	1
1.738	00319.87	-00051.31	-00861.63	00920.52	-00000.43	-00000.16	00000.11	1
1.749	00319.81	-00051.42	-00861.38	00920.27	-00000.44	-00000.16	00000.11	1
1.760	00319.42	-00051.41	-00860.93	00919.71	-00000.44	-00000.17	00000.11	1
1.770	00319.80	-00051.58	-00861.07	00919.99	-00000.45	-00000.18	00000.11	1
1.781	00319.68	-00051.39	-00860.85	00919.73	-00000.45	-00000.19	00000.12	1
1.791	00320.04	-00051.65	-00861.15	00920.15	-00000.47	-00000.20	00000.11	1
1.802	00320.10	-00051.24	-00861.14	00920.14	-00000.46	-00000.21	00000.12	1
1.813	00320.52	-00051.35	-00861.59	00920.71	-00000.47	-00000.22	00000.12	1
1.823	00320.64	-00051.00	-00861.63	00920.77	-00000.47	-00000.22	00000.12	1
1.834	00320.89	-00051.14	-00861.87	00921.09	-00000.48	-00000.23	00000.12	1
1.844	00321.17	-00051.06	-00862.21	00921.50	-00000.49	-00000.24	00000.13	1
1.855	00321.37	-00051.20	-00862.39	00921.75	-00000.50	-00000.25	00000.13	1
1.866	00321.52	-00050.99	-00862.60	00921.99	-00000.51	-00000.26	00000.13	1
1.876	00321.78	-00050.99	-00862.78	00922.25	-00000.52	-00000.27	00000.13	1
1.887	00322.13	-00050.89	-00863.21	00922.76	-00000.52	-00000.27	00000.13	1
1.897	00322.19	-00050.92	-00863.33	00922.89	-00000.53	-00000.28	00000.13	1
1.908	00322.68	-00051.04	-00863.86	00923.57	-00000.54	-00000.29	00000.13	1
1.919	00322.52	-00050.99	-00863.81	00923.46	-00000.55	-00000.30	00000.13	1
1.929	00322.96	-00051.11	-00864.22	00924.00	-00000.56	-00000.31	00000.13	1
1.940	00322.90	-00050.94	-00864.21	00923.97	-00000.56	-00000.32	00000.13	1
1.950	00323.31	-00051.18	-00864.60	00924.49	-00000.57	-00000.33	00000.13	1
1.961	00323.23	-00050.92	-00864.54	00924.39	-00000.58	-00000.34	00000.13	1
1.972	00323.66	-00051.25	-00864.97	00924.96	-00000.59	-00000.35	00000.13	1
1.982	00323.85	-00051.01	-00865.06	00925.10	-00000.59	-00000.36	00000.13	1
1.993	00323.88	-00051.26	-00865.20	00925.26	-00000.60	-00000.36	00000.13	1
2.003	00323.92	-00051.09	-00865.24	00925.30	-00000.60	-00000.37	00000.13	1
2.014	00324.22	-00051.31	-00865.65	00925.80	-00000.61	-00000.38	00000.13	1
2.025	00324.25	-00051.18	-00865.83	00925.97	-00000.61	-00000.38	00000.13	1
2.035	00324.28	-00051.39	-00865.91	00926.06	-00000.62	-00000.38	00000.13	1
2.046	00324.18	-00051.32	-00865.89	00926.01	-00000.62	-00000.38	00000.13	1
2.056	00324.06	-00051.53	-00865.86	00925.95	-00000.64	-00000.39	00000.13	1
2.067	00324.14	-00051.48	-00866.04	00926.14	-00000.64	-00000.39	00000.13	1
2.078	00323.98	-00051.64	-00865.84	00925.91	-00000.65	-00000.39	00000.13	1
2.088	00323.76	-00051.52	-00865.79	00925.78	-00000.65	-00000.39	00000.13	1
2.099	00323.36	-00051.55	-00865.48	00925.35	-00000.65	-00000.40	00000.13	1
2.109	00323.41	-00051.42	-00865.63	00925.50	-00000.65	-00000.40	00000.13	1
2.120	00323.09	-00051.26	-00865.44	00925.20	-00000.65	-00000.40	00000.13	1
2.131	00323.27	-00051.20	-00865.60	00925.42	-00000.65	-00000.40	00000.13	1
2.141	00323.02	-00050.99	-00865.50	00925.22	-00000.65	-00000.40	00000.14	1
2.152	00323.37	-00051.13	-00865.88	00925.70	-00000.65	-00000.41	00000.14	1
2.162	00323.53	-00050.89	-00866.21	00926.05	-00000.65	-00000.40	00000.14	1
2.173	00324.18	-00051.18	-00867.06	00927.10	-00000.65	-00000.40	00000.14	1
2.184	00324.66	-00050.90	-00867.65	00927.80	-00000.64	-00000.40	00000.15	1
2.194	00325.28	-00051.12	-00868.53	00928.85	-00000.64	-00000.40	00000.15	1
2.205	00325.30	-00050.83	-00868.68	00928.98	-00000.63	-00000.40	00000.16	1
2.215	00325.39	-00050.96	-00868.94	00929.26	-00000.62	-00000.40	00000.16	1
2.226	00325.30	-00050.61	-00868.83	00929.11	-00000.61	-00000.40	00000.17	1
2.237	00325.10	-00050.70	-00868.76	00928.98	-00000.60	-00000.40	00000.17	1
2.247	00324.50	-00050.40	-00868.18	00928.21	-00000.59	-00000.40	00000.17	1
2.258	00324.09	-00050.46	-00867.88	00927.80	-00000.58	-00000.40	00000.18	1
2.268	00323.54	-00050.20	-00867.53	00927.26	-00000.56	-00000.40	00000.18	1
2.279	00320.29	-00049.97	-00864.48	00923.26	-00000.56	-00000.40	00000.18	1
2.290	00320.01	-00049.69	-00864.43	00923.10	-00000.54	-00000.39	00000.18	1
2.300	00319.42	-00049.57	-00863.97	00922.46	-00000.53	-00000.40	00000.18	1
2.311	00318.93	-00049.41	-00863.69	00922.02	-00000.52	-00000.39	00000.18	1
2.321	00318.24	-00049.26	-00863.21	00921.32	-00000.51	-00000.39	00000.19	1
2.332	00318.35	-00049.28	-00863.36	00921.50	-00000.50	-00000.39	00000.19	1
2.343	00318.12	-00049.09	-00863.21	00921.27	-00000.48	-00000.39	00000.19	1
2.353	00318.55	-00049.34	-00863.72	00921.91	-00000.48	-00000.39	00000.18	0
2.364	00318.63	-00049.05	-00863.82	00922.01	-00000.46	-00000.39	00000.19	0
2.374	00318.99	-00049.26	-00864.25	00922.56	-00000.46	-00000.39	00000.18	0
2.385	00319.15	-00049.17	-00864.47	00922.81	-00000.45	-00000.39	00000.18	0
2.396	00319.53	-00049.54	-00864.89	00923.36	-00000.45	-00000.39	00000.18	0
2.406	00319.71	-00049.52	-00865.13	00923.64	-00000.44	-00000.39	00000.17	0
2.417	00319.99	-00049.76	-00865.29	00923.90	-00000.44	-00000.39	00000.17	0
2.427	00320.20	-00049.64	-00865.50	00924.17	-00000.44	-00000.39	00000.17	0
2.438	00320.64	-00049.82	-00865.79	00924.59	-00000.43	-00000.40	00000.16	0
2.449	00321.18	-00049.84	-00866.29	00925.25	-00000.43	-00000.40	00000.16	0
2.459	00321.45	-00049.93	-00866.41	00925.47	-00000.43	-00000.41	00000.16	0
2.470	00322.06	-00050.00	-00866.89	00926.13	-00000.43	-00000.41	00000.15	0
2.480	00322.26	-00050.02	-00867.18	00926.48	-00000.43	-00000.41	00000.15	0
2.491	00323.04	-00050.32	-00868.01	00927.54	-00000.44	-00000.42	00000.15	0
2.502	00322.91	-00050.18	-00868.01	00927.49	-00000.44	-00000.42	00000.15	0
2.512	00323.11	-00050.40	-00868.26	00927.80	-00000.45	-00000.42	00000.14	0
2.523	00322.66	-00050.20	-00867.87	00927.27	-00000.45	-00000.42	00000.14	0
2.533	00322.56	-00050.35	-00867.78	00927.16	-00000.46	-00000.42	00000.14	0
2.544	00321.54	-00050.14	-00866.87	00925.94	-00000.46	-00000.42	00000.14	0
2.555	00320.75	-00050.41	-00866.30	00925.15	-00000.47	-00000.42	00000.14	0
2.565	00319.71	-00050.05	-00865.25	00923.78	-00000.47	-00000.42	00000.15	0
2.576	00318.97	-00050.20	-00864.60	00922.93	-00000.49	-00000.42	00000.15	0
2.586	00318.15	-00049.92	-00863.77	00921.85	-00000.49	-00000.42	00000.15	0
2.597	00317.49	-00050.14	-00863.32	00921.21	-00000.50	-00000.41	00000.15	0
2.608	00316.83	-00049.88	-00862.70	00920.39	-00000.51	-00000.41	00000.15	0
2.618	00316.53	-00050.10	-00862.44	00920.05	-00000.52	-00000.41	00000.15	0
2.629	00316.18	-00049.98	-00862.26	00919.76	-00000.53	-00000.41	00000.15	0
2.639	00316.09	-00050.06	-00862.21	00919.68	-00000.54	-00000.40	00000.14	0
2.650	00316.09	-00049.95	-00862.22	00919.69	-00000.55	-00000.40	00000.14	0
2.661	00315.88	-00050.17	-00861.79	00919.23	-00000.57	-00000.40	00000.14	0
2.671	00315.68	-00050.14	-00861.45	00918.84	-00000.58	-00000.40	00000.14	0
2.682	00315.41	-00050.18	-00861.03	00918.35	-00000.60	-00000.40	00000.14	0
2.692	00315.37	-00050.10	-00860.80	00918.12	-00000.61	-00000.39	00000.14	0
2.703	00315.09	-00050.05	-00860.40	00917.65	-00000.63	-00000.39	00000.14	0
2.714	00315.40	-00050.11	-00860.34	00917.70	-00000.65	-00000.39	00000.14	0
2.724	00315.30	-00049.90	-00860.09	00917.42	-00000.66	-00000.39	00000.14	0
2.735	00315.54	-00050.04	-00860.00	00917.42	-00000.68	-00000.38	00000.14	0
2.745	00315.25	-00049.92	-00859.44	00916.79	-00000.69	-00000.38	00000.14	0
2.756	00315.56	-00050.32	-00859.59	00917.06	-00000.72	-00000.38	00000.13	0
2.767	00315.51	-00050.20	-00859.16	00916.64	-00000.74	-00000.38	00000.13	0
2.777	00315.65	-00050.61	-00859.08	00916.63	-00000.77	-00000.37	00000.13	0
2.788	00315.46	-00050.47	-00858.57	00916.08	-00000.79	-00000.37	00000.13	0
2.798	00315.55	-00050.85	-00858.52	00916.09	-00000.81	-00000.36	00000.12	0
2.809	00315.54	-00050.80	-00858.31	00915.89	-00000.83	-00000.36	00000.12	0
2.820	00315.52	-00051.21	-00858.10	00915.70	-00000.86	-00000.35	00000.12	0
2.830	00315.62	-00051.33	-00858.01	00915.66	-00000.88	-00000.34	00000.11	0
2.841	00315.72	-00051.52	-00857.87	00915.58	-00000.90	-00000.33	00000.11	0
2.851	00315.93	-00051.37	-00857.82	00915.59	-00000.92	-00000.33	00000.12	0
2.862	00316.07	-00051.45	-00857.65	00915.49	-00000.94	-00000.32	00000.12	0
2.873	00316.31	-00051.50	-00857.62	00915.54	-00000.95	-00000.31	00000.12	0
2.883	00316.18	-00051.56	-00857.17	00915.08	-00000.97	-00000.31	00000.12	0
2.894	00316.33	-00051.59	-00856.92	00914.90	-00000.98	-00000.30	00000.12	0
2.904	00315.80	-00051.50	-00856.12	00913.96	-00000.99	-00000.30	00000.12	0
2.915	00315.70	-00051.55	-00855.63	00913.47	-00001.00	-00000.29	00000.12	0
2.926	00315.15	-00051.40	-00854.77	00912.46	-00001.01	-00000.28	00000.12	0
2.936	00315.09	-00051.62	-00854.37	00912.09	-00001.02	-00000.28	00000.12	0
2.947	00314.77	-00051.40	-00853.48	00911.12	-00001.03	-00000.28	00000.12	0
2.957	00314.92	-00051.73	-00853.12	00910.86	-00001.04	-00000.28	00000.12	0
2.968	00314.81	-00051.55	-00852.40	00910.14	-00001.05	-00000.28	00000.12	0
2.979	00315.03	-00051.77	-00852.10	00909.94	-00001.06	-00000.28	00000.12	0
2.989	00314.90	-00051.51	-00851.45	00909.28	-00001.07	-00000.27	00000.12	0
3.000	00314.87	-00051.59	-00850.90	00908.75	-00001.09	-00000.27	00000.12	0
3.010	00315.00	-00051.54	-00850.47	00908.39	-00001.10	-00000.27	00000.12	0
3.021	00315.01	-00051.75	-00849.85	00907.83	-00001.11	-00000.27	00000.12	0
3.032	00315.14	-00051.77	-00849.53	00907.58	-00001.13	-00000.26	00000.12	0
3.042	00315.09	-00051.80	-00849.06	00907.12	-00001.14	-00000.26	00000.12	0
3.053	00315.41	-00051.83	-00848.70	00906.90	-00001.15	-00000.27	00000.11	0
3.063	00315.25	-00051.75	-00847.82	00906.01	-00001.16	-00000.27	00000.11	0
3.074	00315.59	-00051.95	-00847.41	00905.76	-00001.17	-00000.27	00000.10	0
3.085	00315.13	-00051.80	-00846.29	00904.54	-00001.18	-00000.27	00000.10	0
3.095	00314.95	-00052.01	-00845.63	00903.87	-00001.19	-00000.27	00000.09	0
3.106	00314.62	-00051.70	-00844.72	00902.89	-00001.19	-00000.27	00000.09	0
3.117	00314.75	-00052.00	-00844.32	00902.58	-00001.20	-00000.26	00000.08	0
3.127	00314.74	-00051.82	-00843.69	00901.97	-00001.20	-00000.25	00000.07	0
3.138	00314.90	-00052.00	-00843.23	00901.61	-00001.21	-00000.23	00000.06	0
3.148	00314.86	-00051.85	-00842.79	00901.17	-00001.20	-00000.21	00000.06	0
3.159	00314.79	-00051.90	-00842.31	00900.70	-00001.20	-00000.19	00000.05	0
3.170	00314.82	-00051.70	-00841.92	00900.35	-00001.19	-00000.16	00000.04	0
3.180	00314.91	-00051.81	-00841.38	00899.87	-00001.17	-00000.14	00000.03	0
3.191	00315.20	-00051.71	-00841.18	00899.78	-00001.15	-00000.12	00000.03	0
3.201	00315.06	-00051.56	-00840.74	00899.31	-00001.13	-00000.09	00000.03	0
3.212	00315.28	-00051.38	-00840.55	00899.20	-00001.11	-00000.07	00000.02	0
3.223	00315.02	-00051.06	-00840.13	00898.70	-00001.07	-00000.05	00000.02	0
3.233	00315.23	-00051.08	-00840.29	00898.93	-00001.05	-00000.03	00000.02	0
3.244	00314.86	-00050.68	-00840.10	00898.59	-00001.01	00000.00	00000.03	0
3.254	00314.87	-00050.91	-00840.43	00898.92	-00000.98	00000.02	00000.02	0
3.265	00314.61	-00050.54	-00840.60	00898.97	-00000.93	00000.04	00000.03	0
3.276	00314.59	-00050.63	-00841.26	00899.59	-00000.89	00000.06	00000.02	0
3.286	00314.48	-00050.24	-00841.70	00899.94	-00000.85	00000.08	00000.03	0
3.297	00314.46	-00050.19	-00842.22	00900.42	-00000.81	00000.09	00000.03	0
3.307	00314.37	-00049.81	-00842.86	00900.95	-00000.78	00000.11	00000.03	0
3.318	00314.36	-00049.74	-00843.49	00901.54	-00000.75	00000.12	00000.03	0
3.329	00314.60	-00049.53	-00844.57	00902.62	-00000.72	00000.13	00000.03	1
3.339	00314.44	-00049.30	-00845.21	00903.15	-00000.70	00000.14	00000.03	1
3.350	00314.35	-00049.06	-00845.84	00903.70	-00000.69	00000.15	00000.03	1
3.360	00313.51	-00048.83	-00845.78	00903.34	-00000.68	00000.16	00000.03	1
3.371	00313.18	-00048.91	-00846.03	00903.46	-00000.68	00000.16	00000.02	1
3.382	00312.46	-00048.71	-00845.96	00903.13	-00000.68	00000.16	00000.02	1
3.392	00312.39	-00049.00	-00846.44	00903.57	-00000.68	00000.16	00000.01	1
3.403	00312.13	-00048.87	-00846.69	00903.71	-00000.68	00000.16	00000.01	1
3.413	00312.42	-00049.19	-00847.39	00904.49	-00000.69	00000.16	00000.00	1
3.424	00312.58	-00049.06	-00847.83	00904.95	-00000.68	00000.16	00000.00	1
3.435	00313.28	-00049.37	-00848.79	00906.11	-00000.68	00000.15	-00000.01	1
3.445	00313.85	-00049.36	-00849.85	00907.29	-00000.67	00000.14	-00000.01	1
3.456	00314.51	-00049.63	-00851.10	00908.71	-00000.66	00000.14	-00000.02	1
3.466	00315.14	-00049.62	-00852.58	00910.31	-00000.64	00000.14	-00000.02	1
3.477	00315.79	-00049.80	-00853.93	00911.81	-00000.61	00000.13	-00000.03	1
3.488	00316.43	-00049.75	-00855.59	00913.58	-00000.58	00000.13	-00000.03	1
3.498	00316.92	-00049.73	-00857.11	00915.18	-00000.55	00000.12	-00000.03	1
3.509	00317.54	-00049.72	-00858.88	00917.05	-00000.51	00000.12	-00000.03	1
3.519	00317.69	-00049.65	-00860.42	00918.54	-00000.47	00000.12	-00000.03	1
3.530	00318.49	-00049.69	-00862.33	00920.61	-00000.44	00000.12	-00000.02	1
3.541	00318.64	-00049.52	-00863.80	00922.03	-00000.41	00000.12	-00000.02	1
3.551	00319.21	-00049.73	-00865.63	00923.95	-00000.39	00000.12	-00000.02	1
3.562	00318.99	-00049.56	-00866.66	00924.83	-00000.36	00000.12	-00000.02	1
3.572	00319.10	-00049.69	-00867.75	00925.90	-00000.35	00000.12	-00000.02	1
3.583	00318.78	-00049.38	-00868.35	00926.33	-00000.33	00000.12	-00000.01	1
3.594	00319.15	-00049.57	-00869.49	00927.54	-00000.32	00000.13	-00000.02	1
3.604	00319.27	-00049.16	-00870.03	00928.07	-00000.31	00000.12	-00000.01	1
3.615	00319.41	-00049.33	-00870.54	00928.60	-00000.32	00000.12	-00000.01	1
3.625	00319.29	-00048.91	-00870.56	00928.55	-00000.31	00000.12	-00000.01	1
3.636	00319.48	-00049.02	-00871.05	00929.08	-00000.31	00000.11	-00000.01	1
3.647	00319.66	-00048.66	-00871.32	00929.38	-00000.29	00000.11	00000.00	1
3.657	00320.01	-00048.70	-00871.87	00930.02	-00000.28	00000.10	00000.00	1
3.668	00322.85	-00048.60	-00874.90	00933.83	-00000.25	00000.10	00000.01	1
3.678	00323.05	-00048.74	-00875.56	00934.52	-00000.22	00000.10	00000.00	1
3.689	00322.80	-00048.43	-00875.85	00934.70	-00000.19	00000.10	00000.01	1
3.700	00322.76	-00048.60	-00876.59	00935.39	-00000.15	00000.11	00000.01	1
3.710	00322.48	-00048.28	-00877.05	00935.71	-00000.10	00000.11	00000.02	1
3.721	00322.38	-00048.44	-00877.91	00936.48	-00000.05	00000.12	00000.02	1
3.731	00321.92	-00048.19	-00878.45	00936.82	00000.01	00000.13	00000.03	1
3.742	00321.69	-00048.38	-00879.39	00937.63	00000.06	00000.14	00000.03	1
3.753	00321.29	-00048.14	-00880.16	00938.20	00000.12	00000.15	00000.04	1
3.763	00321.14	-00048.25	-00881.09	00939.04	00000.16	00000.15	00000.04	1
3.774	00321.12	-00048.07	-00882.36	00940.20	00000.21	00000.16	00000.05	1
3.784	00321.25	-00048.04	-00883.69	00941.49	00000.25	00000.16	00000.06	1
3.795	00321.38	-00047.90	-00885.07	00942.83	00000.28	00000.17	00000.06	1
3.806	00321.38	-00047.81	-00886.17	00943.86	00000.29	00000.17	00000.07	1
3.816	00321.52	-00047.65	-00887.40	00945.06	00000.29	00000.17	00000.07	1
3.827	00321.73	-00047.55	-00888.42	00946.08	00000.28	00000.17	00000.07	1
3.837	00321.93	-00047.56	-00889.50	00947.16	00000.26	00000.17	00000.07	1
3.848	00321.83	-00047.43	-00889.92	00947.51	00000.22	00000.17	00000.06	1
3.859	00322.04	-00047.44	-00890.39	00948.03	00000.18	00000.17	00000.06	1
3.869	00321.98	-00047.40	-00890.32	00947.94	00000.13	00000.16	00000.05	1
3.880	00322.38	-00047.57	-00890.52	00948.27	00000.07	00000.15	00000.04	1
3.890	00322.32	-00047.59	-00890.19	00947.94	00000.01	00000.15	00000.03	1
3.901	00322.67	-00047.66	-00889.95	00947.84	-00000.05	00000.13	00000.02	1
3.912	00322.63	-00047.62	-00889.43	00947.33	-00000.11	00000.12	00000.02	1
3.922	00322.67	-00047.63	-00889.11	00947.05	-00000.16	00000.11	00000.01	1
3.933	00322.43	-00047.71	-00888.78	00946.66	-00000.20	00000.09	00000.00	1
3.943	00322.66	-00047.74	-00888.97	00946.92	-00000.22	00000.08	00000.00	1
3.954	00322.60	-00047.82	-00889.14	00947.07	-00000.24	00000.07	00000.00	1
3.964	00322.74	-00047.67	-00889.77	00947.69	-00000.24	00000.07	00000.00	1
3.975	00322.72	-00047.47	-00890.33	00948.21	-00000.23	00000.06	00000.01	1
3.986	00323.05	-00047.14	-00891.28	00949.19	-00000.21	00000.06	00000.01	1
3.996	00323.07	-00046.93	-00891.98	00949.85	-00000.18	00000.06	00000.02	1
4.007	00323.45	-00046.78	-00893.16	00951.08	-00000.14	00000.06	00000.03	1
4.017	00323.38	-00046.59	-00894.04	00951.87	-00000.11	00000.06	00000.04	1
4.028	00323.73	-00046.45	-00895.34	00953.20	-00000.07	00000.07	00000.05	1
4.039	00323.59	-00046.27	-00896.04	00953.80	-00000.03	00000.07	00000.05	1
4.049	00323.83	-00046.19	-00897.04	00954.82	00000.01	00000.07	00000.06	1
4.060	00323.51	-00045.99	-00897.66	00955.28	00000.05	00000.08	00000.08	1
4.070	00323.49	-00045.93	-00898.46	00956.02	00000.07	00000.08	00000.08	1
4.081	00323.02	-00045.70	-00898.89	00956.26	00000.10	00000.09	00000.09	1
4.092	00323.01	-00045.74	-00899.51	00956.84	00000.11	00000.09	00000.10	1
4.102	00322.52	-00045.55	-00899.62	00956.77	00000.11	00000.08	00000.11	1
4.113	00322.87	-00045.76	-00900.31	00957.54	00000.10	00000.07	00000.11	1
4.123	00322.51	-00045.56	-00900.29	00957.40	00000.08	00000.06	00000.11	1
4.134	00322.68	-00045.79	-00900.65	00957.80	00000.05	00000.05	00000.11	1
4.145	00322.47	-00045.60	-00900.53	00957.61	00000.01	00000.04	00000.11	1
4.155	00322.60	-00045.85	-00900.62	00957.75	-00000.04	00000.02	00000.11	1
4.166	00322.11	-00045.66	-00899.95	00956.95	-00000.10	00000.01	00000.11	1
4.176	00322.12	-00045.86	-00899.61	00956.64	-00000.16	-00000.01	00000.10	1
4.187	00321.98	-00045.66	-00899.01	00956.02	-00000.22	-00000.02	00000.10	1
4.198	00322.43	-00045.93	-00898.96	00956.14	-00000.29	-00000.04	00000.09	1
4.208	00322.36	-00045.83	-00898.34	00955.52	-00000.35	-00000.05	00000.08	1
4.219	00322.72	-00046.05	-00898.21	00955.54	-00000.41	-00000.07	00000.07	0
4.229	00322.59	-00045.98	-00897.91	00955.21	-00000.44	-00000.09	00000.07	0
4.240	00323.25	-00046.18	-00898.45	00955.94	-00000.47	-00000.10	00000.07	0
4.251	00323.42	-00046.09	-00898.84	00956.37	-00000.47	-00000.12	00000.07	0
4.261	00324.18	-00046.18	-00899.88	00957.61	-00000.47	-00000.13	00000.07	0
4.272	00324.27	-00046.04	-00900.62	00958.33	-00000.45	-00000.14	00000.07	0
4.282	00324.82	-00045.96	-00901.89	00959.70	-00000.42	-00000.15	00000.08	0
4.293	00325.12	-00045.86	-00903.01	00960.85	-00000.38	-00000.16	00000.08	0
4.303	00325.55	-00045.60	-00904.45	00962.34	-00000.34	-00000.17	00000.09	0
4.314	00325.75	-00045.59	-00905.64	00963.53	-00000.29	-00000.18	00000.10	0
4.325	00325.92	-00045.24	-00906.90	00964.75	-00000.24	-00000.18	00000.11	0
4.335	00326.23	-00045.11	-00908.25	00966.12	-00000.19	-00000.19	00000.13	0
4.346	00326.56	-00044.63	-00909.47	00967.35	-00000.14	-00000.20	00000.14	0
4.356	00327.09	-00044.61	-00910.88	00968.86	-00000.09	-00000.20	00000.15	0
4.367	00327.55	-00044.26	-00912.08	00970.12	-00000.05	-00000.21	00000.17	0
4.378	00328.19	-00044.40	-00913.39	00971.57	-00000.02	-00000.21	00000.17	0
4.388	00328.63	-00043.99	-00914.38	00972.64	00000.01	-00000.22	00000.18	0
4.399	00329.42	-00044.11	-00915.63	00974.09	00000.03	-00000.22	00000.19	0
4.409	00329.73	-00043.77	-00916.36	00974.86	00000.05	-00000.23	00000.19	0
4.420	00330.26	-00043.95	-00917.41	00976.03	00000.05	-00000.23	00000.19	0
4.431	00330.21	-00043.68	-00917.85	00976.42	00000.06	-00000.24	00000.19	0
4.441	00330.56	-00043.91	-00918.64	00977.30	00000.05	-00000.24	00000.19	0
4.452	00330.50	-00043.71	-00919.02	00977.62	00000.04	-00000.25	00000.19	0
4.462	00330.97	-00043.90	-00919.88	00978.60	00000.02	-00000.25	00000.19	0
4.473	00330.79	-00043.82	-00920.06	00978.69	00000.01	-00000.26	00000.19	0
4.483	00331.27	-00043.99	-00920.78	00979.54	-00000.01	-00000.26	00000.19	0
4.494	00331.16	-00043.92	-00921.07	00979.77	-00000.03	-00000.26	00000.19	0
4.505	00331.68	-00043.84	-00921.92	00980.75	-00000.04	-00000.27	00000.19	0
4.515	00332.07	-00043.71	-00922.77	00981.68	-00000.05	-00000.27	00000.20	0
4.526	00332.80	-00043.58	-00923.97	00983.04	-00000.06	-00000.27	00000.21	0
4.536	00333.25	-00043.62	-00924.89	00984.07	-00000.06	-00000.28	00000.21	0
4.547	00333.77	-00043.30	-00926.02	00985.29	-00000.06	-00000.28	00000.22	0
4.558	00334.29	-00043.55	-00927.17	00986.56	-00000.06	-00000.28	00000.23	0
4.568	00334.38	-00043.34	-00927.87	00987.24	-00000.04	-00000.28	00000.24	0
4.579	00334.43	-00043.57	-00928.60	00987.95	-00000.03	-00000.28	00000.24	0
4.589	00333.98	-00043.46	-00928.76	00987.94	-00000.01	-00000.28	00000.25	0
4.600	00333.84	-00043.70	-00929.29	00988.40	00000.01	-00000.28	00000.26	0
4.611	00333.08	-00043.48	-00929.27	00988.11	00000.04	-00000.27	00000.27	0
4.621	00332.64	-00043.54	-00929.60	00988.28	00000.06	-00000.26	00000.27	0
4.632	00331.90	-00043.19	-00929.73	00988.14	00000.09	-00000.25	00000.28	0
4.642	00331.69	-00043.13	-00930.22	00988.53	00000.11	-00000.25	00000.28	0
4.653	00331.20	-00042.87	-00930.55	00988.66	00000.13	-00000.23	00000.29	0
4.663	00331.37	-00042.77	-00931.41	00989.52	00000.15	-00000.23	00000.29	0
4.674	00331.05	-00042.65	-00931.79	00989.77	00000.17	-00000.22	00000.29	0
4.685	00330.74	-00042.40	-00932.25	00990.08	00000.19	-00000.21	00000.29	0
4.695	00330.55	-00042.53	-00932.72	00990.47	00000.20	-00000.20	00000.28	0
4.706	00330.41	-00042.24	-00933.23	00990.89	00000.21	-00000.19	00000.28	0
4.716	00330.71	-00042.33	-00934.16	00991.88	00000.21	-00000.18	00000.27	0
4.727	00331.07	-00041.95	-00935.06	00992.83	00000.21	-00000.17	00000.27	0
4.738	00331.52	-00042.01	-00935.96	00993.83	00000.21	-00000.17	00000.26	0
4.748	00332.00	-00041.72	-00936.83	00994.79	00000.21	-00000.16	00000.26	0
4.759	00332.70	-00041.97	-00937.97	00996.11	00000.19	-00000.15	00000.25	0
4.769	00333.15	-00041.82	-00938.72	00996.96	00000.18	-00000.13	00000.24	0
4.780	00333.65	-00042.08	-00939.49	00997.87	00000.16	-00000.12	00000.23	0
4.791	00333.50	-00041.84	-00939.53	00997.85	00000.15	-00000.11	00000.22	0
4.801	00333.85	-00041.94	-00939.98	00998.38	00000.13	-00000.10	00000.21	0
4.812	00333.68	-00041.83	-00939.93	00998.28	00000.12	-00000.09	00000.20	0
4.822	00333.94	-00041.92	-00940.37	00998.79	00000.10	-00000.08	00000.19	0
4.833	00334.02	-00042.04	-00940.65	00999.08	00000.08	-00000.07	00000.18	0
4.843	00334.07	-00041.96	-00940.92	00999.35	00000.07	-00000.06	00000.18	0
4.854	00334.21	-00042.20	-00941.27	00999.73	00000.05	-00000.05	00000.17	0
4.865	00334.27	-00042.05	-00941.46	00999.93	00000.03	-00000.04	00000.16	0
4.875	00334.33	-00042.32	-00941.78	01000.26	00000.01	-00000.03	00000.15	0
4.886	00334.32	-00042.12	-00941.99	01000.44	00000.00	-00000.03	00000.15	0
4.896	00334.50	-00042.39	-00942.47	01000.97	-00000.03	-00000.01	00000.14	0
4.907	00334.38	-00042.11	-00942.60	01001.04	-00000.04	00000.00	00000.14	0
4.918	00334.64	-00042.29	-00943.09	01001.60	-00000.07	00000.02	00000.13	0
4.928	00334.44	-00042.16	-00943.10	01001.53	-00000.09	00000.03	00000.13	0
4.939	00334.82	-00042.28	-00943.48	01002.02	-00000.12	00000.04	00000.12	0
4.949	00334.71	-00042.24	-00943.49	01001.99	-00000.15	00000.06	00000.11	0
4.960	00334.98	-00042.36	-00943.82	01002.40	-00000.18	00000.08	00000.11	0
4.970	00334.82	-00042.40	-00943.76	01002.29	-00000.21	00000.09	00000.10	0
4.981	00334.86	-00042.32	-00944.00	01002.53	-00000.24	00000.12	00000.09	0
4.992	00332.00	-00042.28	-00941.33	00999.05	-00000.28	00000.13	00000.08	0
5.002	00331.54	-00042.09	-00941.09	00998.67	-00000.31	00000.16	00000.07	0
5.013	00331.35	-00042.38	-00941.15	00998.67	-00000.35	00000.18	00000.06	0
5.023	00330.77	-00042.23	-00940.89	00998.23	-00000.37	00000.20	00000.05	0
5.034	00330.47	-00042.49	-00940.94	00998.19	-00000.41	00000.23	00000.03	0
5.045	00329.85	-00042.24	-00940.59	00997.64	-00000.43	00000.26	00000.03	0
5.055	00329.49	-00042.27	-00940.41	00997.36	-00000.45	00000.28	00000.02	0
5.066	00328.64	-00041.93	-00939.86	00996.54	-00000.47	00000.30	00000.01	0
5.076	00328.49	-00041.93	-00939.91	00996.54	-00000.49	00000.32	00000.01	0
5.087	00327.83	-00041.71	-00939.47	00995.91	-00000.50	00000.34	00000.00	0
5.098	00327.89	-00041.71	-00939.57	00996.01	-00000.52	00000.36	-00000.01	0
5.108	00327.45	-00041.54	-00939.38	00995.68	-00000.53	00000.38	-00000.01	0
5.119	00327.17	-00041.38	-00939.43	00995.64	-00000.54	00000.39	-00000.02	0
5.129	00326.83	-00041.46	-00939.30	00995.40	-00000.56	00000.41	-00000.03	0
5.140	00326.38	-00041.07	-00938.98	00994.94	-00000.56	00000.43	-00000.03	0
5.150	00326.13	-00041.12	-00938.98	00994.85	-00000.57	00000.44	-00000.04	0
5.161	00325.87	-00040.69	-00938.90	00994.67	-00000.58	00000.46	-00000.04	0
5.172	00326.01	-00040.91	-00939.35	00995.16	-00000.59	00000.47	-00000.05	0
5.182	00326.10	-00040.75	-00939.63	00995.44	-00000.59	00000.49	-00000.05	0
5.193	00326.55	-00041.07	-00940.44	00996.37	-00000.60	00000.51	-00000.06	0
5.203	00326.36	-00040.92	-00940.53	00996.39	-00000.61	00000.53	-00000.06	1
5.214	00326.76	-00041.10	-00941.22	00997.18	-00000.61	00000.54	-00000.07	1
5.225	00326.59	-00041.03	-00941.56	00997.44	-00000.61	00000.56	-00000.07	1
5.235	00327.29	-00041.15	-00942.56	00998.62	-00000.62	00000.58	-00000.08	1
5.246	00327.19	-00041.12	-00942.87	00998.87	-00000.62	00000.59	-00000.08	1
5.256	00327.44	-00040.97	-00943.60	00999.64	-00000.61	00000.61	-00000.08	1
5.267	00327.20	-00041.06	-00943.85	00999.80	-00000.62	00000.63	-00000.08	1
5.277	00327.05	-00040.74	-00944.21	01000.08	-00000.61	00000.64	-00000.08	1
5.288	00327.06	-00040.81	-00944.70	01000.55	-00000.61	00000.66	-00000.08	1
5.299	00326.84	-00040.50	-00944.82	01000.58	-00000.61	00000.67	-00000.07	1
5.309	00326.70	-00040.60	-00945.07	01000.77	-00000.61	00000.68	-00000.08	1
5.320	00326.23	-00040.22	-00944.97	01000.51	-00000.60	00000.69	-00000.07	1
5.330	00326.30	-00040.30	-00945.38	01000.92	-00000.61	00000.70	-00000.07	1
5.341	00325.85	-00040.04	-00945.26	01000.64	-00000.60	00000.71	-00000.07	1
5.352	00326.07	-00040.03	-00945.66	01001.10	-00000.60	00000.72	-00000.07	1
5.362	00325.95	-00039.88	-00945.97	01001.35	-00000.59	00000.72	-00000.07	1
5.373	00326.65	-00040.07	-00946.97	01002.52	-00000.59	00000.73	-00000.07	1
5.383	00326.89	-00040.12	-00947.61	01003.22	-00000.59	00000.73	-00000.07	1
5.394	00327.54	-00040.14	-00948.55	01004.31	-00000.58	00000.73	-00000.07	1
5.404	00327.82	-00040.27	-00949.01	01004.84	-00000.58	00000.73	-00000.07	1
5.415	00327.90	-00040.06	-00949.24	01005.07	-00000.57	00000.73	-00000.07	1
5.426	00327.78	-00040.24	-00949.34	01005.14	-00000.56	00000.73	-00000.08	1
5.436	00327.57	-00039.89	-00949.15	01004.88	-00000.54	00000.73	-00000.07	1
5.447	00327.62	-00039.94	-00949.35	01005.09	-00000.53	00000.72	-00000.08	1
5.457	00327.45	-00039.58	-00949.23	01004.90	-00000.51	00000.72	-00000.07	1
5.468	00327.65	-00039.66	-00949.55	01005.27	-00000.49	00000.72	-00000.07	1
5.479	00327.52	-00039.57	-00949.64	01005.31	-00000.47	00000.72	-00000.07	1
5.489	00328.17	-00039.75	-00950.47	01006.32	-00000.45	00000.72	-00000.07	1
5.500	00328.13	-00039.72	-00950.82	01006.63	-00000.42	00000.72	-00000.07	1
5.510	00328.36	-00039.62	-00951.42	01007.27	-00000.39	00000.72	-00000.07	1
5.521	00328.23	-00039.77	-00951.60	01007.40	-00000.37	00000.71	-00000.07	1
5.532	00328.10	-00039.71	-00951.65	01007.41	-00000.34	00000.70	-00000.07	1
5.542	00328.45	-00039.95	-00952.16	01008.01	-00000.31	00000.70	-00000.07	1
5.553	00328.47	-00039.75	-00952.23	01008.07	-00000.28	00000.69	-00000.07	1
5.563	00328.62	-00039.98	-00952.59	01008.47	-00000.25	00000.68	-00000.07	1
5.574	00328.53	-00039.75	-00952.62	01008.47	-00000.22	00000.68	-00000.07	1
5.584	00328.84	-00039.86	-00953.19	01009.11	-00000.19	00000.67	-00000.07	1
5.595	00328.70	-00039.65	-00953.45	01009.29	-00000.15	00000.67	-00000.07	1
5.606	00329.19	-00039.71	-00954.29	01010.25	-00000.13	00000.67	-00000.06	1
5.616	00328.84	-00039.49	-00954.54	01010.37	-00000.10	00000.67	-00000.06	1
5.627	00328.92	-00039.33	-00955.17	01010.98	-00000.07	00000.67	-00000.05	1
5.637	00328.85	-00039.22	-00955.57	01011.33	-00000.04	00000.66	-00000.05	1
5.648	00328.80	-00038.91	-00956.15	01011.85	-00000.02	00000.66	-00000.04	1
5.658	00328.97	-00038.91	-00956.91	01012.63	00000.00	00000.66	-00000.04	1
5.669	00329.13	-00038.53	-00957.56	01013.27	00000.02	00000.65	-00000.03	1
5.680	00329.54	-00038.71	-00958.51	01014.32	00000.04	00000.64	-00000.02	1
5.690	00329.67	-00038.45	-00959.14	01014.94	00000.06	00000.64	-00000.02	1
5.701	00330.00	-00038.54	-00959.96	01015.83	00000.07	00000.62	-00000.01	1
5.711	00329.78	-00038.22	-00960.34	01016.11	00000.09	00000.62	00000.00	1
5.722	00330.20	-00038.13	-00961.29	01017.14	00000.10	00000.61	00000.00	1
5.733	00329.92	-00037.90	-00961.69	01017.41	00000.11	00000.60	00000.01	1
5.743	00330.15	-00037.84	-00962.47	01018.23	00000.13	00000.59	00000.02	1
5.754	00330.09	-00037.96	-00963.04	01018.75	00000.14	00000.59	00000.02	1
5.764	00330.14	-00037.79	-00963.65	01019.34	00000.16	00000.58	00000.03	1
5.775	00330.46	-00038.02	-00964.47	01020.22	00000.17	00000.57	00000.03	1
5.785	00330.86	-00037.84	-00965.28	01021.11	00000.19	00000.56	00000.04	1
5.796	00331.41	-00038.11	-00966.20	01022.17	00000.20	00000.56	00000.05	1
5.807	00331.75	-00037.97	-00966.90	01022.94	00000.23	00000.55	00000.06	1
5.817	00332.23	-00038.18	-00967.83	01023.98	00000.25	00000.55	00000.07	1
5.828	00332.19	-00038.07	-00968.19	01024.30	00000.27	00000.55	00000.08	1
5.838	00332.71	-00038.29	-00969.10	01025.34	00000.30	00000.55	00000.09	1
5.849	00332.75	-00038.37	-00969.58	01025.81	00000.32	00000.55	00000.09	1
5.860	00333.17	-00038.34	-00970.47	01026.78	00000.35	00000.55	00000.10	1
5.870	00333.58	-00038.60	-00971.28	01027.69	00000.38	00000.55	00000.11	1
5.881	00333.84	-00038.41	-00972.05	01028.50	00000.42	00000.55	00000.13	1
5.891	00334.34	-00038.71	-00973.02	01029.59	00000.46	00000.55	00000.13	1
5.902	00334.64	-00038.57	-00973.65	01030.27	00000.50	00000.55	00000.15	1
5.912	00335.18	-00038.85	-00974.44	01031.21	00000.54	00000.54	00000.15	1
5.923	00335.02	-00038.63	-00974.50	01031.21	00000.59	00000.54	00000.16	1
5.934	00335.27	-00038.68	-00974.92	01031.69	00000.63	00000.54	00000.17	1
5.944	00335.36	-00038.72	-00975.18	01031.96	00000.67	00000.54	00000.18	1
5.955	00335.75	-00038.73	-00975.80	01032.67	00000.71	00000.54	00000.19	1
5.965	00336.07	-00038.97	-00976.33	01033.29	00000.75	00000.54	00000.19	1
5.976	00336.10	-00038.76	-00976.61	01033.55	00000.78	00000.54	00000.20	1
5.987	00336.41	-00039.04	-00976.97	01034.00	00000.81	00000.53	00000.20	1
5.997	00336.52	-00038.79	-00977.11	01034.16	00000.84	00000.53	00000.20	1
6.008	00336.99	-00038.93	-00977.47	01034.67	00000.86	00000.52	00000.20	1
6.018	00336.80	-00038.78	-00977.27	01034.40	00000.87	00000.52	00000.21	1
6.029	00337.08	-00038.87	-00977.53	01034.75	00000.88	00000.52	00000.21	1
